
date_dir: /home/meiyiyang/Face/insightface/datasets/faces_emore
prefix: /data/meiyi/models/mobile/model_mobile2_emore_v1_0/model_mobile2_emore_v1
tag: mobile2_emore_v1
pretrain: 
per_batch_size: 128
save: 1, max_steps: 350000, lr: 0.10000, verbose: 1000, margin_a: 1.00, margin_m: 0.30, margin_b: 0.20

version_se: 0
do_save: True
verbose: 1000
cutoff: 0
version_input: 1
rand_mirror: 1
emb_size: 512
ckpt: 1
tag: mobile2_emore_v1
num_layers: 2
use_deformable: 0
config_dir: /home/meiyiyang/Face/insightface/output/config
ctx_num: 4
do_save_threshold: 0.99
scale: 0.9993
data_dir: /home/meiyiyang/Face/insightface/datasets/faces_emore
network: m2
margin_s: 64.0
center_alpha: 0.5
version_act: prelu
result_dir: /home/meiyiyang/Face/insightface/output/result
beta_freeze: 0
lr: 0.1
triplet_bag_size: 3600
margin_m: 0.3
num_classes: 85742
end_epoch: 100000
margin_a: 1.0
triplet_max_ap: 0.0
lr_steps: 
log_dir: /home/meiyiyang/Face/insightface/output/log
last_epoch: 0
loss_type: 4
wd: 0.0005
power: 1.0
version_unit: 3
batch_size: 512
beta: 1000.0
mom: 0.9
margin_b: 0.2
triplet_alpha: 0.3
easy_margin: 0
version_output: E
image_channel: 3
gamma: 0.12
target: lfw,classify_megaface
image_w: 112
rescale_threshold: 0
images_per_identity: 0
prefix: /data/meiyi/models/mobile/model_mobile2_emore_v1_0/model_mobile2_emore_v1
fc7_wd_mult: 1.0
per_batch_size: 128
beta_min: 5.0
center_scale: 0.003
pretrained: 
fine_tune: 0
image_h: 112
max_steps: 350000
margin: 4
bn_mom: 0.9

20181026-105510	1000	1	0.1000	lfw	0.77800	0.01472	0.09567	0.02454	classify_megaface	0.07246	0.00000	0.00000	0.00000	
20181026-110523	2000	2	0.1000	lfw	0.89450	0.01389	0.51600	0.04412	classify_megaface	0.31770	0.00000	0.00000	0.00000	
20181026-111533	3000	3	0.1000	lfw	0.94083	0.01057	0.69867	0.04405	classify_megaface	0.51656	0.00000	0.00000	0.00000	
20181026-112543	4000	4	0.1000	lfw	0.95883	0.00916	0.80233	0.02910	classify_megaface	0.63330	0.00000	0.00000	0.00000	
20181026-113550	5000	5	0.1000	lfw	0.97117	0.00587	0.84467	0.02922	classify_megaface	0.69155	0.00000	0.00000	0.00000	
20181026-114558	6000	6	0.1000	lfw	0.97183	0.00751	0.88833	0.02918	classify_megaface	0.73827	0.00000	0.00000	0.00000	
20181026-115607	7000	7	0.1000	lfw	0.97167	0.00843	0.87100	0.02595	classify_megaface	0.75223	0.00000	0.00000	0.00000	
20181026-120618	8000	8	0.1000	lfw	0.97850	0.00565	0.89700	0.03064	classify_megaface	0.79242	0.00000	0.00000	0.00000	
20181026-121624	9000	9	0.1000	lfw	0.98083	0.00534	0.91400	0.02118	classify_megaface	0.80149	0.00000	0.00000	0.00000	
20181026-122634	10000	10	0.1000	lfw	0.98067	0.00629	0.90367	0.02121	classify_megaface	0.80115	0.00000	0.00000	0.00000	
20181026-123644	11000	11	0.1000	lfw	0.97867	0.00730	0.89200	0.01990	classify_megaface	0.82760	0.00000	0.00000	0.00000	
20181026-124656	12000	12	0.1000	lfw	0.97917	0.00949	0.90267	0.02215	classify_megaface	0.81280	0.00000	0.00000	0.00000	
20181026-125703	13000	13	0.1000	lfw	0.97683	0.00818	0.88667	0.02692	classify_megaface	0.80828	0.00000	0.00000	0.00000	
20181026-130709	14000	14	0.1000	lfw	0.97850	0.00580	0.92633	0.02152	classify_megaface	0.82821	0.00000	0.00000	0.00000	
20181026-131716	15000	15	0.1000	lfw	0.97767	0.01031	0.92167	0.02242	classify_megaface	0.81167	0.00000	0.00000	0.00000	
20181026-132729	16000	16	0.1000	lfw	0.97983	0.00598	0.92200	0.02386	classify_megaface	0.83712	0.00000	0.00000	0.00000	
20181026-133736	17000	17	0.1000	lfw	0.97833	0.00691	0.93433	0.01367	classify_megaface	0.82141	0.00000	0.00000	0.00000	
20181026-134743	18000	18	0.1000	lfw	0.97550	0.00707	0.89433	0.02290	classify_megaface	0.81726	0.00000	0.00000	0.00000	
20181026-135801	19000	19	0.1000	lfw	0.97850	0.00535	0.93233	0.01719	classify_megaface	0.83407	0.00000	0.00000	0.00000	
20181026-140834	20000	20	0.1000	lfw	0.98217	0.00543	0.94600	0.01444	classify_megaface	0.84508	0.00000	0.00000	0.00000	
20181026-141908	21000	21	0.1000	lfw	0.97717	0.00978	0.91933	0.02421	classify_megaface	0.81385	0.00000	0.00000	0.00000	
20181026-142944	22000	22	0.1000	lfw	0.98200	0.00745	0.92033	0.02084	classify_megaface	0.84656	0.00000	0.00000	0.00000	
20181026-144028	23000	23	0.1000	lfw	0.97967	0.00591	0.91433	0.02534	classify_megaface	0.82706	0.00000	0.00000	0.00000	
20181026-145111	24000	24	0.1000	lfw	0.97967	0.00657	0.90633	0.02307	classify_megaface	0.82127	0.00000	0.00000	0.00000	
20181026-150200	25000	25	0.1000	lfw	0.98450	0.00587	0.91367	0.01683	classify_megaface	0.85396	0.00000	0.00000	0.00000	
20181026-151310	26000	26	0.1000	lfw	0.98400	0.00507	0.93233	0.01391	classify_megaface	0.84978	0.00000	0.00000	0.00000	
20181026-152411	27000	27	0.1000	lfw	0.97983	0.00608	0.93300	0.01629	classify_megaface	0.83049	0.00000	0.00000	0.00000	
20181026-153512	28000	28	0.1000	lfw	0.98367	0.00515	0.93500	0.01675	classify_megaface	0.85925	0.00000	0.00000	0.00000	
20181026-154615	29000	29	0.1000	lfw	0.98267	0.00578	0.91833	0.01572	classify_megaface	0.84007	0.00000	0.00000	0.00000	
20181026-155716	30000	30	0.1000	lfw	0.98333	0.00615	0.93333	0.01653	classify_megaface	0.86377	0.00000	0.00000	0.00000	
20181026-160815	31000	31	0.1000	lfw	0.98317	0.00540	0.90500	0.02083	classify_megaface	0.84233	0.00000	0.00000	0.00000	
20181026-161904	32000	32	0.1000	lfw	0.98383	0.00592	0.91400	0.02274	classify_megaface	0.86036	0.00000	0.00000	0.00000	
20181026-163147	33000	33	0.1000	lfw	0.98417	0.00549	0.94267	0.01937	classify_megaface	0.85823	0.00000	0.00000	0.00000	
20181026-164216	34000	34	0.1000	lfw	0.98233	0.00549	0.92367	0.02465	classify_megaface	0.85694	0.00000	0.00000	0.00000	
20181026-165245	35000	35	0.1000	lfw	0.98383	0.00699	0.95067	0.01698	classify_megaface	0.86109	0.00000	0.00000	0.00000	
20181026-170314	36000	36	0.1000	lfw	0.98200	0.00567	0.92700	0.01754	classify_megaface	0.83174	0.00000	0.00000	0.00000	
20181026-171345	37000	37	0.1000	lfw	0.98083	0.00757	0.90900	0.02261	classify_megaface	0.85008	0.00000	0.00000	0.00000	
20181026-172413	38000	38	0.1000	lfw	0.98400	0.00655	0.94467	0.01887	classify_megaface	0.86158	0.00000	0.00000	0.00000	
20181026-173450	39000	39	0.1000	lfw	0.98617	0.00597	0.94733	0.02102	classify_megaface	0.87205	0.00000	0.00000	0.00000	
20181026-174555	40000	40	0.1000	lfw	0.98300	0.00547	0.93500	0.01721	classify_megaface	0.84110	0.00000	0.00000	0.00000	
20181026-175715	41000	41	0.1000	lfw	0.98050	0.00687	0.94933	0.01818	classify_megaface	0.83555	0.00000	0.00000	0.00000	
20181026-180812	42000	42	0.1000	lfw	0.98233	0.00735	0.93600	0.01611	classify_megaface	0.86802	0.00000	0.00000	0.00000	
20181026-181846	43000	43	0.1000	lfw	0.98383	0.00553	0.93933	0.01718	classify_megaface	0.86551	0.00000	0.00000	0.00000	
20181026-182920	44000	44	0.1000	lfw	0.98267	0.00735	0.92367	0.02331	classify_megaface	0.84697	0.00000	0.00000	0.00000	
20181026-184000	45000	45	0.1000	lfw	0.98367	0.00600	0.93367	0.01894	classify_megaface	0.86207	0.00000	0.00000	0.00000	
20181026-185046	46000	46	0.1000	lfw	0.98450	0.00472	0.91833	0.02104	classify_megaface	0.84637	0.00000	0.00000	0.00000	
20181026-190139	47000	47	0.1000	lfw	0.98317	0.00845	0.92100	0.02181	classify_megaface	0.84862	0.00000	0.00000	0.00000	
20181026-191230	48000	48	0.1000	lfw	0.98200	0.00636	0.92533	0.01514	classify_megaface	0.84559	0.00000	0.00000	0.00000	
20181026-192320	49000	49	0.1000	lfw	0.98267	0.00416	0.94200	0.01968	classify_megaface	0.85678	0.00000	0.00000	0.00000	
20181026-193408	50000	50	0.1000	lfw	0.98533	0.00531	0.95167	0.01493	classify_megaface	0.86260	0.00000	0.00000	0.00000	
20181026-194501	51000	51	0.1000	lfw	0.98333	0.00527	0.94400	0.01618	classify_megaface	0.86179	0.00000	0.00000	0.00000	
20181026-195557	52000	52	0.1000	lfw	0.98483	0.00669	0.95633	0.01567	classify_megaface	0.85850	0.00000	0.00000	0.00000	
20181026-200648	53000	53	0.1000	lfw	0.97917	0.00854	0.93000	0.02011	classify_megaface	0.84013	0.00000	0.00000	0.00000	
20181026-201738	54000	54	0.1000	lfw	0.98700	0.00562	0.93600	0.01954	classify_megaface	0.87190	0.00000	0.00000	0.00000	
20181026-202832	55000	55	0.1000	lfw	0.98300	0.00636	0.93233	0.01739	classify_megaface	0.85059	0.00000	0.00000	0.00000	
20181026-203923	56000	56	0.1000	lfw	0.98217	0.00624	0.93000	0.01862	classify_megaface	0.84448	0.00000	0.00000	0.00000	
20181026-205019	57000	57	0.1000	lfw	0.98017	0.00535	0.92400	0.01849	classify_megaface	0.82641	0.00000	0.00000	0.00000	
20181026-210109	58000	58	0.1000	lfw	0.98200	0.00865	0.93967	0.02036	classify_megaface	0.83862	0.00000	0.00000	0.00000	
20181026-211202	59000	59	0.1000	lfw	0.98633	0.00653	0.93067	0.01731	classify_megaface	0.86908	0.00000	0.00000	0.00000	
20181026-212256	60000	60	0.1000	lfw	0.98183	0.00550	0.92833	0.01352	classify_megaface	0.83620	0.00000	0.00000	0.00000	
20181026-213346	61000	61	0.1000	lfw	0.98583	0.00616	0.94367	0.01524	classify_megaface	0.86265	0.00000	0.00000	0.00000	
20181026-214437	62000	62	0.1000	lfw	0.98067	0.00655	0.92867	0.02040	classify_megaface	0.85122	0.00000	0.00000	0.00000	
20181026-220017	63000	63	0.1000	lfw	0.98417	0.00616	0.94567	0.02066	classify_megaface	0.85057	0.00000	0.00000	0.00000	
20181026-224402	64000	64	0.1000	lfw	0.98667	0.00723	0.93567	0.02399	classify_megaface	0.87175	0.00000	0.00000	0.00000	
20181026-230141	65000	65	0.1000	lfw	0.98167	0.00441	0.92700	0.01986	classify_megaface	0.86114	0.00000	0.00000	0.00000	
20181026-231944	66000	66	0.1000	lfw	0.98417	0.00539	0.94000	0.02440	classify_megaface	0.86386	0.00000	0.00000	0.00000	
20181026-233132	67000	67	0.1000	lfw	0.98217	0.00548	0.93200	0.02281	classify_megaface	0.83529	0.00000	0.00000	0.00000	
20181026-234729	68000	68	0.1000	lfw	0.98300	0.00567	0.94100	0.01856	classify_megaface	0.85608	0.00000	0.00000	0.00000	
20181026-235929	69000	69	0.1000	lfw	0.98133	0.00526	0.93767	0.02033	classify_megaface	0.84374	0.00000	0.00000	0.00000	
20181027-000925	70000	70	0.1000	lfw	0.98233	0.00633	0.94967	0.01449	classify_megaface	0.84779	0.00000	0.00000	0.00000	
20181027-001922	71000	71	0.1000	lfw	0.98333	0.00537	0.93467	0.02409	classify_megaface	0.84776	0.00000	0.00000	0.00000	
20181027-002919	72000	72	0.1000	lfw	0.98217	0.00511	0.92667	0.02119	classify_megaface	0.85327	0.00000	0.00000	0.00000	
20181027-003916	73000	73	0.1000	lfw	0.98600	0.00667	0.94367	0.02126	classify_megaface	0.87383	0.00000	0.00000	0.00000	
20181027-004918	74000	74	0.1000	lfw	0.97833	0.00553	0.92000	0.02761	classify_megaface	0.80039	0.00000	0.00000	0.00000	
20181027-005920	75000	75	0.1000	lfw	0.98600	0.00549	0.95267	0.01459	classify_megaface	0.86362	0.00000	0.00000	0.00000	
20181027-010924	76000	76	0.1000	lfw	0.98400	0.00624	0.94267	0.02205	classify_megaface	0.86153	0.00000	0.00000	0.00000	
20181027-011919	77000	77	0.1000	lfw	0.98733	0.00473	0.94667	0.02150	classify_megaface	0.87388	0.00000	0.00000	0.00000	
20181027-012915	78000	78	0.1000	lfw	0.98450	0.00568	0.94367	0.02052	classify_megaface	0.85912	0.00000	0.00000	0.00000	
20181027-013911	79000	79	0.1000	lfw	0.98250	0.00620	0.90267	0.02691	classify_megaface	0.83336	0.00000	0.00000	0.00000	
20181027-014913	80000	80	0.1000	lfw	0.98233	0.00638	0.90833	0.02344	classify_megaface	0.84818	0.00000	0.00000	0.00000	
20181027-015909	81000	81	0.1000	lfw	0.98650	0.00519	0.95033	0.01986	classify_megaface	0.86284	0.00000	0.00000	0.00000	
20181027-020910	82000	82	0.1000	lfw	0.98167	0.00645	0.94133	0.01851	classify_megaface	0.84813	0.00000	0.00000	0.00000	
20181027-021905	83000	83	0.1000	lfw	0.98383	0.00601	0.94067	0.01451	classify_megaface	0.84742	0.00000	0.00000	0.00000	
20181027-022906	84000	84	0.1000	lfw	0.98600	0.00429	0.94500	0.02242	classify_megaface	0.85988	0.00000	0.00000	0.00000	
20181027-023905	85000	85	0.1000	lfw	0.97950	0.00527	0.92433	0.02028	classify_megaface	0.83543	0.00000	0.00000	0.00000	
20181027-024900	86000	86	0.1000	lfw	0.98217	0.00671	0.94667	0.01556	classify_megaface	0.86545	0.00000	0.00000	0.00000	
20181027-025904	87000	87	0.1000	lfw	0.98433	0.00696	0.94633	0.01709	classify_megaface	0.85426	0.00000	0.00000	0.00000	
20181027-030900	88000	88	0.1000	lfw	0.98550	0.00601	0.95000	0.02017	classify_megaface	0.84483	0.00000	0.00000	0.00000	
20181027-031857	89000	89	0.1000	lfw	0.98600	0.00429	0.93233	0.02066	classify_megaface	0.86211	0.00000	0.00000	0.00000	
20181027-032853	90000	90	0.1000	lfw	0.98483	0.00589	0.92567	0.02050	classify_megaface	0.85865	0.00000	0.00000	0.00000	
20181027-033852	91000	91	0.1000	lfw	0.98133	0.00536	0.88700	0.02397	classify_megaface	0.83132	0.00000	0.00000	0.00000	
20181027-034847	92000	92	0.1000	lfw	0.98350	0.00630	0.93367	0.02208	classify_megaface	0.85697	0.00000	0.00000	0.00000	
20181027-035843	93000	93	0.1000	lfw	0.97733	0.00676	0.91400	0.02190	classify_megaface	0.82290	0.00000	0.00000	0.00000	
20181027-040839	94000	94	0.1000	lfw	0.98633	0.00678	0.94267	0.01548	classify_megaface	0.86544	0.00000	0.00000	0.00000	
20181027-041835	95000	95	0.1000	lfw	0.98133	0.00819	0.91533	0.02437	classify_megaface	0.84304	0.00000	0.00000	0.00000	
20181027-042831	96000	96	0.1000	lfw	0.97217	0.01216	0.85867	0.02172	classify_megaface	0.77563	0.00000	0.00000	0.00000	
20181027-043826	97000	97	0.1000	lfw	0.98417	0.00716	0.93967	0.02188	classify_megaface	0.86482	0.00000	0.00000	0.00000	
20181027-044911	98000	98	0.1000	lfw	0.98050	0.00592	0.94000	0.01506	classify_megaface	0.83022	0.00000	0.00000	0.00000	
20181027-045910	99000	99	0.1000	lfw	0.98383	0.00483	0.92333	0.02481	classify_megaface	0.84362	0.00000	0.00000	0.00000	
20181027-050907	100000	100	0.1000	lfw	0.98317	0.00589	0.93567	0.02324	classify_megaface	0.84199	0.00000	0.00000	0.00000	
20181027-051903	101000	101	0.1000	lfw	0.98617	0.00610	0.94067	0.01548	classify_megaface	0.86474	0.00000	0.00000	0.00000	
20181027-052901	102000	102	0.1000	lfw	0.98250	0.00539	0.93067	0.01444	classify_megaface	0.85169	0.00000	0.00000	0.00000	
20181027-053921	103000	103	0.1000	lfw	0.98417	0.00724	0.91367	0.02488	classify_megaface	0.85059	0.00000	0.00000	0.00000	
20181027-054917	104000	104	0.1000	lfw	0.98567	0.00620	0.95300	0.01722	classify_megaface	0.86851	0.00000	0.00000	0.00000	
20181027-055937	105000	105	0.1000	lfw	0.98433	0.00638	0.93900	0.02071	classify_megaface	0.83090	0.00000	0.00000	0.00000	
20181027-060934	106000	106	0.1000	lfw	0.98583	0.00310	0.93600	0.01541	classify_megaface	0.86344	0.00000	0.00000	0.00000	
20181027-061930	107000	107	0.1000	lfw	0.98283	0.00533	0.93667	0.01619	classify_megaface	0.86488	0.00000	0.00000	0.00000	
20181027-062932	108000	108	0.1000	lfw	0.98667	0.00387	0.94400	0.01436	classify_megaface	0.87570	0.00000	0.00000	0.00000	
20181027-063938	109000	109	0.1000	lfw	0.98383	0.00553	0.93000	0.01706	classify_megaface	0.85139	0.00000	0.00000	0.00000	
20181027-064935	110000	110	0.1000	lfw	0.98333	0.00568	0.93100	0.02720	classify_megaface	0.83729	0.00000	0.00000	0.00000	
20181027-065937	111000	111	0.1000	lfw	0.98317	0.00673	0.94533	0.01869	classify_megaface	0.83099	0.00000	0.00000	0.00000	
20181027-070932	112000	112	0.1000	lfw	0.98067	0.00528	0.92633	0.02571	classify_megaface	0.84128	0.00000	0.00000	0.00000	
20181027-071927	113000	113	0.1000	lfw	0.98017	0.00669	0.92900	0.02463	classify_megaface	0.84808	0.00000	0.00000	0.00000	
20181027-072932	114000	114	0.1000	lfw	0.98200	0.00698	0.95167	0.01899	classify_megaface	0.85758	0.00000	0.00000	0.00000	
20181027-073929	115000	115	0.1000	lfw	0.98467	0.00521	0.92833	0.01558	classify_megaface	0.84935	0.00000	0.00000	0.00000	
20181027-074932	116000	116	0.1000	lfw	0.98100	0.00680	0.94100	0.01647	classify_megaface	0.85534	0.00000	0.00000	0.00000	
20181027-075929	117000	117	0.1000	lfw	0.98367	0.00640	0.94133	0.01470	classify_megaface	0.85017	0.00000	0.00000	0.00000	
20181027-080926	118000	118	0.1000	lfw	0.98767	0.00484	0.94267	0.01794	classify_megaface	0.87194	0.00000	0.00000	0.00000	
20181027-081922	119000	119	0.1000	lfw	0.98433	0.00692	0.94433	0.02055	classify_megaface	0.85954	0.00000	0.00000	0.00000	
20181027-082918	120000	120	0.1000	lfw	0.98167	0.00641	0.94233	0.01909	classify_megaface	0.82600	0.00000	0.00000	0.00000	
20181027-083921	121000	121	0.1000	lfw	0.98267	0.00704	0.92767	0.02098	classify_megaface	0.84453	0.00000	0.00000	0.00000	
20181027-084929	122000	122	0.1000	lfw	0.98250	0.00731	0.93300	0.01798	classify_megaface	0.84037	0.00000	0.00000	0.00000	
20181027-085925	123000	123	0.1000	lfw	0.98183	0.00728	0.92733	0.02529	classify_megaface	0.83117	0.00000	0.00000	0.00000	
20181027-090923	124000	124	0.1000	lfw	0.98317	0.00519	0.95100	0.01739	classify_megaface	0.85746	0.00000	0.00000	0.00000	
20181027-091923	125000	125	0.1000	lfw	0.98400	0.00659	0.93867	0.01551	classify_megaface	0.83527	0.00000	0.00000	0.00000	
20181027-092925	126000	126	0.1000	lfw	0.98233	0.00473	0.93300	0.01952	classify_megaface	0.84472	0.00000	0.00000	0.00000	
20181027-093921	127000	127	0.1000	lfw	0.98350	0.00664	0.94733	0.01541	classify_megaface	0.84952	0.00000	0.00000	0.00000	
20181027-094920	128000	128	0.1000	lfw	0.98167	0.00453	0.93367	0.02111	classify_megaface	0.83357	0.00000	0.00000	0.00000	
20181027-095917	129000	129	0.1000	lfw	0.98317	0.00529	0.94833	0.02088	classify_megaface	0.85963	0.00000	0.00000	0.00000	
20181027-100915	130000	130	0.1000	lfw	0.98233	0.00676	0.93133	0.02621	classify_megaface	0.84778	0.00000	0.00000	0.00000	
20181027-101914	131000	131	0.1000	lfw	0.97933	0.00467	0.90633	0.02934	classify_megaface	0.81212	0.00000	0.00000	0.00000	
20181027-102911	132000	132	0.1000	lfw	0.97833	0.00637	0.92933	0.01919	classify_megaface	0.81636	0.00000	0.00000	0.00000	
20181027-103909	133000	133	0.1000	lfw	0.98633	0.00521	0.94800	0.01887	classify_megaface	0.85614	0.00000	0.00000	0.00000	
20181027-104905	134000	134	0.1000	lfw	0.98150	0.00669	0.90567	0.02422	classify_megaface	0.81552	0.00000	0.00000	0.00000	
20181027-105905	135000	135	0.1000	lfw	0.98517	0.00535	0.93900	0.01732	classify_megaface	0.85809	0.00000	0.00000	0.00000	
20181027-110901	136000	136	0.1000	lfw	0.98450	0.00610	0.94667	0.01358	classify_megaface	0.85482	0.00000	0.00000	0.00000	
20181027-111902	137000	137	0.1000	lfw	0.98617	0.00558	0.94900	0.01674	classify_megaface	0.85802	0.00000	0.00000	0.00000	
20181027-112900	138000	138	0.1000	lfw	0.98400	0.00680	0.93033	0.01560	classify_megaface	0.84988	0.00000	0.00000	0.00000	
20181027-113857	139000	139	0.1000	lfw	0.98467	0.00623	0.94633	0.01923	classify_megaface	0.86445	0.00000	0.00000	0.00000	
20181027-114900	140000	140	0.0100	lfw	0.98000	0.00753	0.90333	0.01886	classify_megaface	0.84190	0.00000	0.00000	0.00000	
20181027-115858	141000	141	0.0100	lfw	0.99250	0.00507	0.98000	0.01022	classify_megaface	0.92247	0.00000	0.00000	0.00000	
20181027-120854	142000	142	0.0100	lfw	0.99217	0.00435	0.98000	0.01116	classify_megaface	0.92688	0.00000	0.00000	0.00000	
20181027-121851	143000	143	0.0100	lfw	0.99283	0.00483	0.98167	0.01241	classify_megaface	0.92976	0.00000	0.00000	0.00000	
20181027-122847	144000	144	0.0100	lfw	0.99250	0.00423	0.97900	0.01359	classify_megaface	0.93141	0.00000	0.00000	0.00000	
20181027-123846	145000	145	0.0100	lfw	0.99183	0.00456	0.98533	0.01067	classify_megaface	0.93190	0.00000	0.00000	0.00000	
20181027-124842	146000	146	0.0100	lfw	0.99233	0.00507	0.98167	0.01118	classify_megaface	0.93244	0.00000	0.00000	0.00000	
20181027-125841	147000	147	0.0100	lfw	0.99283	0.00395	0.97900	0.01184	classify_megaface	0.93210	0.00000	0.00000	0.00000	
20181027-130844	148000	148	0.0100	lfw	0.99200	0.00433	0.98167	0.01108	classify_megaface	0.93442	0.00000	0.00000	0.00000	
20181027-131847	149000	149	0.0100	lfw	0.99217	0.00478	0.97533	0.01470	classify_megaface	0.93477	0.00000	0.00000	0.00000	
20181027-132845	150000	150	0.0100	lfw	0.99283	0.00435	0.98233	0.01136	classify_megaface	0.93277	0.00000	0.00000	0.00000	
20181027-133843	151000	151	0.0100	lfw	0.99267	0.00484	0.98000	0.01220	classify_megaface	0.93138	0.00000	0.00000	0.00000	
20181027-134843	152000	152	0.0100	lfw	0.99067	0.00517	0.97833	0.01344	classify_megaface	0.93443	0.00000	0.00000	0.00000	
20181027-135841	153000	153	0.0100	lfw	0.99250	0.00359	0.98167	0.01157	classify_megaface	0.92611	0.00000	0.00000	0.00000	
20181027-140841	154000	154	0.0100	lfw	0.99200	0.00427	0.97833	0.01360	classify_megaface	0.92845	0.00000	0.00000	0.00000	
20181027-141847	155000	155	0.0100	lfw	0.99033	0.00515	0.97400	0.01718	classify_megaface	0.93199	0.00000	0.00000	0.00000	
20181027-142850	156000	156	0.0100	lfw	0.99150	0.00411	0.98067	0.01031	classify_megaface	0.93257	0.00000	0.00000	0.00000	
20181027-143847	157000	157	0.0100	lfw	0.99233	0.00359	0.97800	0.01360	classify_megaface	0.93021	0.00000	0.00000	0.00000	
20181027-144846	158000	158	0.0100	lfw	0.99267	0.00403	0.97567	0.01375	classify_megaface	0.93058	0.00000	0.00000	0.00000	
20181027-145848	159000	159	0.0100	lfw	0.99217	0.00428	0.98133	0.01002	classify_megaface	0.93136	0.00000	0.00000	0.00000	
20181027-150852	160000	160	0.0100	lfw	0.99267	0.00423	0.97667	0.01220	classify_megaface	0.93262	0.00000	0.00000	0.00000	
20181027-151855	161000	161	0.0100	lfw	0.99217	0.00380	0.96733	0.01625	classify_megaface	0.93091	0.00000	0.00000	0.00000	
20181027-152855	162000	162	0.0100	lfw	0.99317	0.00376	0.97333	0.01095	classify_megaface	0.92875	0.00000	0.00000	0.00000	
20181027-153855	163000	163	0.0100	lfw	0.99300	0.00433	0.97933	0.01254	classify_megaface	0.92814	0.00000	0.00000	0.00000	
20181027-154855	164000	164	0.0100	lfw	0.99183	0.00437	0.98133	0.01067	classify_megaface	0.92897	0.00000	0.00000	0.00000	
20181027-155857	165000	165	0.0100	lfw	0.99133	0.00458	0.98233	0.01174	classify_megaface	0.92951	0.00000	0.00000	0.00000	
20181027-160858	166000	166	0.0100	lfw	0.99250	0.00375	0.96900	0.01528	classify_megaface	0.92742	0.00000	0.00000	0.00000	
20181027-161858	167000	167	0.0100	lfw	0.99367	0.00482	0.98000	0.01406	classify_megaface	0.93074	0.00000	0.00000	0.00000	
20181027-162901	168000	168	0.0100	lfw	0.99183	0.00540	0.98033	0.00936	classify_megaface	0.93182	0.00000	0.00000	0.00000	
20181027-163902	169000	169	0.0100	lfw	0.99233	0.00389	0.97833	0.01108	classify_megaface	0.93002	0.00000	0.00000	0.00000	
20181027-164907	170000	170	0.0100	lfw	0.99283	0.00428	0.98367	0.01090	classify_megaface	0.92972	0.00000	0.00000	0.00000	
20181027-165909	171000	171	0.0100	lfw	0.99200	0.00499	0.97900	0.01592	classify_megaface	0.93229	0.00000	0.00000	0.00000	
20181027-170910	172000	172	0.0100	lfw	0.99333	0.00394	0.98000	0.01202	classify_megaface	0.93463	0.00000	0.00000	0.00000	
20181027-171911	173000	173	0.0100	lfw	0.99283	0.00402	0.97900	0.01221	classify_megaface	0.92808	0.00000	0.00000	0.00000	
20181027-172912	174000	174	0.0100	lfw	0.99300	0.00476	0.97900	0.01126	classify_megaface	0.93222	0.00000	0.00000	0.00000	
20181027-173912	175000	175	0.0100	lfw	0.99233	0.00436	0.97400	0.01436	classify_megaface	0.92464	0.00000	0.00000	0.00000	
20181027-174914	176000	176	0.0100	lfw	0.99083	0.00479	0.98067	0.01093	classify_megaface	0.93010	0.00000	0.00000	0.00000	
20181027-175915	177000	177	0.0100	lfw	0.99217	0.00568	0.97900	0.01165	classify_megaface	0.92865	0.00000	0.00000	0.00000	
20181027-180917	178000	178	0.0100	lfw	0.99300	0.00427	0.98067	0.01172	classify_megaface	0.93181	0.00000	0.00000	0.00000	
20181027-181918	179000	179	0.0100	lfw	0.99333	0.00441	0.98400	0.01009	classify_megaface	0.93063	0.00000	0.00000	0.00000	
20181027-182920	180000	180	0.0100	lfw	0.99117	0.00506	0.97267	0.01123	classify_megaface	0.92176	0.00000	0.00000	0.00000	
20181027-183921	181000	181	0.0100	lfw	0.99017	0.00589	0.97900	0.01283	classify_megaface	0.93120	0.00000	0.00000	0.00000	
20181027-184924	182000	182	0.0100	lfw	0.99317	0.00398	0.98300	0.01016	classify_megaface	0.93319	0.00000	0.00000	0.00000	
20181027-185929	183000	183	0.0100	lfw	0.99333	0.00408	0.97733	0.01548	classify_megaface	0.93600	0.00000	0.00000	0.00000	
20181027-190929	184000	184	0.0100	lfw	0.99350	0.00353	0.97500	0.01408	classify_megaface	0.93311	0.00000	0.00000	0.00000	
20181027-191930	185000	185	0.0100	lfw	0.99300	0.00356	0.97733	0.01162	classify_megaface	0.93240	0.00000	0.00000	0.00000	
20181027-192930	186000	186	0.0100	lfw	0.99267	0.00410	0.97800	0.01360	classify_megaface	0.92750	0.00000	0.00000	0.00000	
20181027-193932	187000	187	0.0100	lfw	0.99350	0.00391	0.97767	0.01065	classify_megaface	0.93535	0.00000	0.00000	0.00000	
20181027-194932	188000	188	0.0100	lfw	0.99133	0.00420	0.97700	0.01295	classify_megaface	0.92567	0.00000	0.00000	0.00000	
20181027-195932	189000	189	0.0100	lfw	0.99233	0.00455	0.98233	0.01044	classify_megaface	0.93158	0.00000	0.00000	0.00000	
20181027-200932	190000	190	0.0100	lfw	0.99317	0.00425	0.98400	0.01073	classify_megaface	0.93410	0.00000	0.00000	0.00000	
20181027-201932	191000	191	0.0100	lfw	0.99267	0.00403	0.98367	0.00983	classify_megaface	0.93186	0.00000	0.00000	0.00000	
20181027-202931	192000	192	0.0100	lfw	0.99267	0.00410	0.97833	0.01310	classify_megaface	0.92985	0.00000	0.00000	0.00000	
20181027-203934	193000	193	0.0100	lfw	0.99167	0.00494	0.98167	0.01276	classify_megaface	0.93585	0.00000	0.00000	0.00000	
20181027-204938	194000	194	0.0100	lfw	0.99333	0.00453	0.98033	0.01120	classify_megaface	0.93460	0.00000	0.00000	0.00000	
20181027-205940	195000	195	0.0100	lfw	0.99150	0.00425	0.98167	0.01222	classify_megaface	0.93490	0.00000	0.00000	0.00000	
20181027-210941	196000	196	0.0100	lfw	0.99317	0.00398	0.97633	0.01410	classify_megaface	0.93156	0.00000	0.00000	0.00000	
20181027-211941	197000	197	0.0100	lfw	0.99183	0.00425	0.97333	0.01563	classify_megaface	0.93294	0.00000	0.00000	0.00000	
20181027-212943	198000	198	0.0100	lfw	0.99167	0.00408	0.97600	0.01698	classify_megaface	0.93404	0.00000	0.00000	0.00000	
20181027-213945	199000	199	0.0100	lfw	0.99217	0.00358	0.98267	0.00952	classify_megaface	0.93285	0.00000	0.00000	0.00000	
20181027-214944	200000	200	0.0100	lfw	0.99250	0.00461	0.97800	0.01352	classify_megaface	0.93342	0.00000	0.00000	0.00000	
20181027-215945	201000	201	0.0100	lfw	0.99283	0.00489	0.98200	0.01013	classify_megaface	0.92795	0.00000	0.00000	0.00000	
20181027-220948	202000	202	0.0100	lfw	0.99233	0.00528	0.98167	0.01222	classify_megaface	0.92679	0.00000	0.00000	0.00000	
20181027-221949	203000	203	0.0100	lfw	0.99167	0.00477	0.96933	0.01576	classify_megaface	0.92849	0.00000	0.00000	0.00000	
20181027-222951	204000	204	0.0100	lfw	0.99150	0.00491	0.98300	0.01027	classify_megaface	0.93082	0.00000	0.00000	0.00000	
20181027-223953	205000	205	0.0100	lfw	0.99267	0.00448	0.98133	0.01301	classify_megaface	0.93294	0.00000	0.00000	0.00000	
20181027-224954	206000	206	0.0100	lfw	0.99150	0.00398	0.98333	0.01075	classify_megaface	0.92845	0.00000	0.00000	0.00000	
20181027-225955	207000	207	0.0100	lfw	0.99283	0.00472	0.98233	0.01065	classify_megaface	0.93242	0.00000	0.00000	0.00000	
20181027-230954	208000	208	0.0100	lfw	0.99283	0.00506	0.97900	0.01300	classify_megaface	0.93352	0.00000	0.00000	0.00000	
20181027-231954	209000	209	0.0100	lfw	0.99233	0.00403	0.97700	0.01370	classify_megaface	0.92891	0.00000	0.00000	0.00000	
20181027-232956	210000	210	0.0010	lfw	0.99300	0.00427	0.97867	0.01447	classify_megaface	0.93274	0.00000	0.00000	0.00000	
20181027-233957	211000	211	0.0010	lfw	0.99267	0.00351	0.98500	0.01014	classify_megaface	0.94431	0.00000	0.00000	0.00000	
20181027-234958	212000	212	0.0010	lfw	0.99417	0.00382	0.98667	0.01054	classify_megaface	0.94713	0.00000	0.00000	0.00000	
20181028-000000	213000	213	0.0010	lfw	0.99383	0.00358	0.98733	0.01031	classify_megaface	0.94840	0.00000	0.00000	0.00000	
20181028-001004	214000	214	0.0010	lfw	0.99400	0.00351	0.98433	0.01136	classify_megaface	0.94799	0.00000	0.00000	0.00000	
20181028-002006	215000	215	0.0010	lfw	0.99450	0.00325	0.98600	0.00952	classify_megaface	0.94778	0.00000	0.00000	0.00000	
20181028-003008	216000	216	0.0010	lfw	0.99383	0.00350	0.98700	0.01016	classify_megaface	0.94922	0.00000	0.00000	0.00000	
20181028-004012	217000	217	0.0010	lfw	0.99467	0.00306	0.98667	0.01043	classify_megaface	0.94956	0.00000	0.00000	0.00000	
20181028-005013	218000	218	0.0010	lfw	0.99367	0.00379	0.98633	0.01038	classify_megaface	0.94949	0.00000	0.00000	0.00000	
20181028-010013	219000	219	0.0010	lfw	0.99383	0.00350	0.98667	0.01043	classify_megaface	0.94932	0.00000	0.00000	0.00000	
20181028-011017	220000	220	0.0010	lfw	0.99367	0.00340	0.98467	0.01249	classify_megaface	0.95019	0.00000	0.00000	0.00000	
20181028-012019	221000	221	0.0010	lfw	0.99467	0.00306	0.98467	0.01118	classify_megaface	0.95038	0.00000	0.00000	0.00000	
20181028-013020	222000	222	0.0010	lfw	0.99433	0.00335	0.98500	0.01067	classify_megaface	0.94946	0.00000	0.00000	0.00000	
20181028-014021	223000	223	0.0010	lfw	0.99433	0.00327	0.98400	0.01172	classify_megaface	0.95019	0.00000	0.00000	0.00000	
20181028-015021	224000	224	0.0010	lfw	0.99383	0.00342	0.98533	0.01097	classify_megaface	0.94980	0.00000	0.00000	0.00000	
20181028-020028	225000	225	0.0010	lfw	0.99417	0.00335	0.98400	0.01104	classify_megaface	0.94947	0.00000	0.00000	0.00000	
20181028-021031	226000	226	0.0010	lfw	0.99417	0.00327	0.98700	0.00936	classify_megaface	0.95008	0.00000	0.00000	0.00000	
20181028-022034	227000	227	0.0010	lfw	0.99433	0.00351	0.98833	0.00910	classify_megaface	0.94939	0.00000	0.00000	0.00000	
20181028-023038	228000	228	0.0010	lfw	0.99433	0.00309	0.98567	0.01065	classify_megaface	0.95086	0.00000	0.00000	0.00000	
20181028-024041	229000	229	0.0010	lfw	0.99500	0.00289	0.98700	0.01016	classify_megaface	0.95115	0.00000	0.00000	0.00000	
20181028-025044	230000	230	0.0010	lfw	0.99367	0.00332	0.98733	0.00964	classify_megaface	0.95019	0.00000	0.00000	0.00000	
20181028-030044	231000	231	0.0010	lfw	0.99500	0.00357	0.98800	0.00921	classify_megaface	0.95005	0.00000	0.00000	0.00000	
20181028-031049	232000	232	0.0010	lfw	0.99517	0.00311	0.98767	0.00883	classify_megaface	0.95097	0.00000	0.00000	0.00000	
20181028-032051	233000	233	0.0010	lfw	0.99383	0.00334	0.98733	0.00940	classify_megaface	0.95032	0.00000	0.00000	0.00000	
20181028-033052	234000	234	0.0010	lfw	0.99467	0.00323	0.98733	0.00987	classify_megaface	0.95083	0.00000	0.00000	0.00000	
20181028-034054	235000	235	0.0010	lfw	0.99450	0.00299	0.98733	0.00929	classify_megaface	0.95097	0.00000	0.00000	0.00000	
20181028-035055	236000	236	0.0010	lfw	0.99450	0.00334	0.98600	0.01052	classify_megaface	0.95021	0.00000	0.00000	0.00000	
20181028-040058	237000	237	0.0010	lfw	0.99417	0.00367	0.98633	0.00948	classify_megaface	0.95036	0.00000	0.00000	0.00000	
20181028-041059	238000	238	0.0010	lfw	0.99433	0.00367	0.98800	0.00980	classify_megaface	0.95095	0.00000	0.00000	0.00000	
20181028-042102	239000	239	0.0010	lfw	0.99500	0.00333	0.98700	0.00983	classify_megaface	0.95100	0.00000	0.00000	0.00000	
20181028-043103	240000	240	0.0010	lfw	0.99333	0.00350	0.98700	0.01016	classify_megaface	0.95034	0.00000	0.00000	0.00000	
20181028-044104	241000	241	0.0010	lfw	0.99367	0.00340	0.98633	0.01038	classify_megaface	0.95135	0.00000	0.00000	0.00000	
20181028-045103	242000	242	0.0010	lfw	0.99400	0.00318	0.98733	0.01020	classify_megaface	0.95099	0.00000	0.00000	0.00000	
20181028-050102	243000	243	0.0010	lfw	0.99383	0.00325	0.98600	0.00987	classify_megaface	0.95135	0.00000	0.00000	0.00000	
20181028-051103	244000	244	0.0010	lfw	0.99417	0.00291	0.98733	0.01062	classify_megaface	0.95058	0.00000	0.00000	0.00000	
20181028-052102	245000	245	0.0010	lfw	0.99467	0.00356	0.98567	0.00932	classify_megaface	0.95222	0.00000	0.00000	0.00000	
20181028-053100	246000	246	0.0010	lfw	0.99433	0.00351	0.98700	0.01005	classify_megaface	0.95209	0.00000	0.00000	0.00000	
20181028-054102	247000	247	0.0010	lfw	0.99350	0.00337	0.98767	0.00943	classify_megaface	0.95182	0.00000	0.00000	0.00000	
20181028-055059	248000	248	0.0010	lfw	0.99317	0.00383	0.98633	0.01038	classify_megaface	0.95114	0.00000	0.00000	0.00000	
20181028-060058	249000	249	0.0010	lfw	0.99450	0.00358	0.98767	0.00844	classify_megaface	0.95138	0.00000	0.00000	0.00000	
20181028-061055	250000	250	0.0010	lfw	0.99367	0.00348	0.98633	0.01059	classify_megaface	0.95147	0.00000	0.00000	0.00000	
20181028-062057	251000	251	0.0010	lfw	0.99383	0.00373	0.98867	0.00945	classify_megaface	0.95125	0.00000	0.00000	0.00000	
20181028-063056	252000	252	0.0010	lfw	0.99433	0.00374	0.98833	0.00910	classify_megaface	0.95069	0.00000	0.00000	0.00000	
20181028-064057	253000	253	0.0010	lfw	0.99450	0.00325	0.98667	0.01043	classify_megaface	0.95137	0.00000	0.00000	0.00000	
20181028-065057	254000	254	0.0010	lfw	0.99333	0.00365	0.98933	0.00854	classify_megaface	0.95191	0.00000	0.00000	0.00000	
20181028-070057	255000	255	0.0010	lfw	0.99417	0.00352	0.98767	0.00857	classify_megaface	0.95169	0.00000	0.00000	0.00000	
20181028-071056	256000	256	0.0010	lfw	0.99500	0.00316	0.98867	0.00957	classify_megaface	0.95194	0.00000	0.00000	0.00000	
20181028-072056	257000	257	0.0010	lfw	0.99417	0.00300	0.98867	0.00909	classify_megaface	0.95204	0.00000	0.00000	0.00000	
20181028-073056	258000	258	0.0010	lfw	0.99450	0.00317	0.98667	0.00978	classify_megaface	0.95134	0.00000	0.00000	0.00000	
20181028-074055	259000	259	0.0010	lfw	0.99500	0.00316	0.98667	0.00919	classify_megaface	0.95202	0.00000	0.00000	0.00000	
20181028-075056	260000	260	0.0010	lfw	0.99450	0.00317	0.98600	0.01062	classify_megaface	0.95140	0.00000	0.00000	0.00000	
20181028-080056	261000	261	0.0010	lfw	0.99400	0.00300	0.98733	0.01009	classify_megaface	0.95114	0.00000	0.00000	0.00000	
20181028-081058	262000	262	0.0010	lfw	0.99467	0.00306	0.98667	0.00919	classify_megaface	0.95220	0.00000	0.00000	0.00000	
20181028-082056	263000	263	0.0010	lfw	0.99483	0.00311	0.98333	0.01164	classify_megaface	0.95146	0.00000	0.00000	0.00000	
20181028-083055	264000	264	0.0010	lfw	0.99433	0.00300	0.98867	0.00884	classify_megaface	0.95193	0.00000	0.00000	0.00000	
20181028-084057	265000	265	0.0010	lfw	0.99417	0.00335	0.98433	0.01106	classify_megaface	0.95193	0.00000	0.00000	0.00000	
20181028-085101	266000	266	0.0010	lfw	0.99467	0.00287	0.98767	0.00955	classify_megaface	0.95189	0.00000	0.00000	0.00000	
20181028-090101	267000	267	0.0010	lfw	0.99517	0.00263	0.98533	0.01087	classify_megaface	0.95196	0.00000	0.00000	0.00000	
20181028-091101	268000	268	0.0010	lfw	0.99417	0.00310	0.98833	0.00969	classify_megaface	0.95213	0.00000	0.00000	0.00000	
20181028-092059	269000	269	0.0010	lfw	0.99417	0.00352	0.98667	0.01065	classify_megaface	0.95123	0.00000	0.00000	0.00000	
20181028-093100	270000	270	0.0010	lfw	0.99433	0.00300	0.98733	0.00929	classify_megaface	0.95177	0.00000	0.00000	0.00000	
20181028-094059	271000	271	0.0010	lfw	0.99367	0.00340	0.98833	0.00910	classify_megaface	0.95181	0.00000	0.00000	0.00000	
20181028-095059	272000	272	0.0010	lfw	0.99383	0.00317	0.98833	0.00910	classify_megaface	0.95118	0.00000	0.00000	0.00000	
20181028-100102	273000	273	0.0010	lfw	0.99433	0.00300	0.98700	0.00900	classify_megaface	0.95243	0.00000	0.00000	0.00000	
20181028-101101	274000	274	0.0010	lfw	0.99417	0.00344	0.98700	0.00948	classify_megaface	0.95229	0.00000	0.00000	0.00000	
20181028-102105	275000	275	0.0010	lfw	0.99450	0.00366	0.98867	0.00945	classify_megaface	0.95165	0.00000	0.00000	0.00000	
20181028-103104	276000	276	0.0010	lfw	0.99350	0.00391	0.98533	0.01035	classify_megaface	0.95192	0.00000	0.00000	0.00000	
20181028-104104	277000	277	0.0010	lfw	0.99450	0.00308	0.98667	0.01033	classify_megaface	0.95298	0.00000	0.00000	0.00000	
20181028-105103	278000	278	0.0010	lfw	0.99400	0.00291	0.98867	0.00945	classify_megaface	0.95250	0.00000	0.00000	0.00000	
20181028-110103	279000	279	0.0010	lfw	0.99483	0.00311	0.98733	0.00867	classify_megaface	0.95198	0.00000	0.00000	0.00000	
20181028-111103	280000	280	0.0001	lfw	0.99317	0.00361	0.98567	0.01044	classify_megaface	0.95159	0.00000	0.00000	0.00000	
20181028-112103	281000	281	0.0001	lfw	0.99450	0.00325	0.98633	0.01027	classify_megaface	0.95325	0.00000	0.00000	0.00000	
20181028-113103	282000	282	0.0001	lfw	0.99417	0.00318	0.98733	0.00929	classify_megaface	0.95370	0.00000	0.00000	0.00000	
20181028-114103	283000	283	0.0001	lfw	0.99450	0.00308	0.98833	0.00934	classify_megaface	0.95386	0.00000	0.00000	0.00000	
20181028-115103	284000	284	0.0001	lfw	0.99500	0.00316	0.98700	0.00936	classify_megaface	0.95371	0.00000	0.00000	0.00000	
20181028-120105	285000	285	0.0001	lfw	0.99417	0.00281	0.98700	0.00948	classify_megaface	0.95386	0.00000	0.00000	0.00000	
20181028-121106	286000	286	0.0001	lfw	0.99350	0.00320	0.98667	0.00955	classify_megaface	0.95394	0.00000	0.00000	0.00000	
20181028-122110	287000	287	0.0001	lfw	0.99417	0.00344	0.98667	0.00978	classify_megaface	0.95418	0.00000	0.00000	0.00000	
20181028-123110	288000	288	0.0001	lfw	0.99383	0.00299	0.98733	0.00929	classify_megaface	0.95360	0.00000	0.00000	0.00000	
20181028-124108	289000	289	0.0001	lfw	0.99383	0.00299	0.98667	0.00978	classify_megaface	0.95420	0.00000	0.00000	0.00000	
20181028-125107	290000	290	0.0001	lfw	0.99417	0.00310	0.98733	0.00940	classify_megaface	0.95383	0.00000	0.00000	0.00000	
20181028-130109	291000	291	0.0001	lfw	0.99350	0.00320	0.98667	0.00978	classify_megaface	0.95409	0.00000	0.00000	0.00000	
20181028-131111	292000	292	0.0001	lfw	0.99417	0.00291	0.98733	0.00975	classify_megaface	0.95398	0.00000	0.00000	0.00000	
20181028-132111	293000	293	0.0001	lfw	0.99317	0.00337	0.98767	0.00907	classify_megaface	0.95365	0.00000	0.00000	0.00000	
20181028-133114	294000	294	0.0001	lfw	0.99517	0.00283	0.98800	0.00945	classify_megaface	0.95394	0.00000	0.00000	0.00000	
20181028-134114	295000	295	0.0001	lfw	0.99517	0.00283	0.98667	0.00955	classify_megaface	0.95432	0.00000	0.00000	0.00000	
20181028-135115	296000	296	0.0001	lfw	0.99483	0.00320	0.98633	0.00971	classify_megaface	0.95404	0.00000	0.00000	0.00000	
20181028-140117	297000	297	0.0001	lfw	0.99483	0.00302	0.98833	0.00872	classify_megaface	0.95386	0.00000	0.00000	0.00000	
20181028-141119	298000	298	0.0001	lfw	0.99433	0.00291	0.98667	0.01033	classify_megaface	0.95377	0.00000	0.00000	0.00000	
20181028-142119	299000	299	0.0001	lfw	0.99317	0.00293	0.98767	0.00955	classify_megaface	0.95416	0.00000	0.00000	0.00000	
20181028-143120	300000	300	0.0001	lfw	0.99467	0.00287	0.98767	0.00955	classify_megaface	0.95391	0.00000	0.00000	0.00000	
20181028-144122	301000	301	0.0001	lfw	0.99417	0.00291	0.98767	0.00943	classify_megaface	0.95414	0.00000	0.00000	0.00000	
20181028-145122	302000	302	0.0001	lfw	0.99500	0.00289	0.98700	0.00971	classify_megaface	0.95403	0.00000	0.00000	0.00000	
20181028-150122	303000	303	0.0001	lfw	0.99367	0.00314	0.98767	0.00955	classify_megaface	0.95392	0.00000	0.00000	0.00000	
20181028-151123	304000	304	0.0001	lfw	0.99500	0.00289	0.98733	0.00975	classify_megaface	0.95362	0.00000	0.00000	0.00000	
20181028-152124	305000	305	0.0001	lfw	0.99383	0.00325	0.98733	0.00940	classify_megaface	0.95377	0.00000	0.00000	0.00000	
20181028-153124	306000	306	0.0001	lfw	0.99417	0.00327	0.98700	0.00994	classify_megaface	0.95438	0.00000	0.00000	0.00000	
20181028-154125	307000	307	0.0001	lfw	0.99400	0.00300	0.98733	0.00975	classify_megaface	0.95381	0.00000	0.00000	0.00000	
20181028-155129	308000	308	0.0001	lfw	0.99450	0.00299	0.98833	0.00860	classify_megaface	0.95420	0.00000	0.00000	0.00000	
20181028-160129	309000	309	0.0001	lfw	0.99400	0.00291	0.98733	0.00940	classify_megaface	0.95418	0.00000	0.00000	0.00000	
20181028-161132	310000	310	0.0001	lfw	0.99400	0.00300	0.98700	0.00948	classify_megaface	0.95411	0.00000	0.00000	0.00000	
20181028-162133	311000	311	0.0001	lfw	0.99400	0.00318	0.98800	0.00980	classify_megaface	0.95427	0.00000	0.00000	0.00000	
20181028-163134	312000	312	0.0001	lfw	0.99433	0.00309	0.98700	0.01016	classify_megaface	0.95398	0.00000	0.00000	0.00000	
20181028-164134	313000	313	0.0001	lfw	0.99450	0.00299	0.98733	0.00952	classify_megaface	0.95370	0.00000	0.00000	0.00000	
20181028-165135	314000	314	0.0001	lfw	0.99467	0.00267	0.98600	0.01041	classify_megaface	0.95378	0.00000	0.00000	0.00000	
20181028-170136	315000	315	0.0001	lfw	0.99383	0.00317	0.98800	0.00897	classify_megaface	0.95386	0.00000	0.00000	0.00000	
20181028-171136	316000	316	0.0001	lfw	0.99417	0.00318	0.98767	0.00955	classify_megaface	0.95377	0.00000	0.00000	0.00000	
20181028-172137	317000	317	0.0001	lfw	0.99333	0.00289	0.98667	0.00978	classify_megaface	0.95405	0.00000	0.00000	0.00000	
20181028-173138	318000	318	0.0001	lfw	0.99450	0.00299	0.98700	0.00960	classify_megaface	0.95433	0.00000	0.00000	0.00000	
20181028-174142	319000	319	0.0001	lfw	0.99433	0.00291	0.98667	0.00978	classify_megaface	0.95380	0.00000	0.00000	0.00000	
20181028-175143	320000	320	0.0001	lfw	0.99517	0.00283	0.98800	0.00945	classify_megaface	0.95390	0.00000	0.00000	0.00000	
20181028-180143	321000	321	0.0001	lfw	0.99383	0.00350	0.98700	0.01016	classify_megaface	0.95380	0.00000	0.00000	0.00000	
20181028-181144	322000	322	0.0001	lfw	0.99383	0.00299	0.98733	0.00940	classify_megaface	0.95420	0.00000	0.00000	0.00000	
20181028-182145	323000	323	0.0001	lfw	0.99450	0.00317	0.98733	0.00940	classify_megaface	0.95448	0.00000	0.00000	0.00000	
20181028-183146	324000	324	0.0001	lfw	0.99417	0.00318	0.98700	0.00960	classify_megaface	0.95396	0.00000	0.00000	0.00000	
20181028-184149	325000	325	0.0001	lfw	0.99517	0.00320	0.98733	0.00940	classify_megaface	0.95465	0.00000	0.00000	0.00000	
20181028-185152	326000	326	0.0001	lfw	0.99350	0.00320	0.98767	0.00955	classify_megaface	0.95440	0.00000	0.00000	0.00000	
20181028-190158	327000	327	0.0001	lfw	0.99483	0.00320	0.98667	0.00978	classify_megaface	0.95421	0.00000	0.00000	0.00000	
20181028-191201	328000	328	0.0001	lfw	0.99500	0.00289	0.98733	0.00940	classify_megaface	0.95433	0.00000	0.00000	0.00000	
20181028-192202	329000	329	0.0001	lfw	0.99433	0.00309	0.98700	0.00983	classify_megaface	0.95444	0.00000	0.00000	0.00000	
20181028-193207	330000	330	0.0001	lfw	0.99350	0.00329	0.98700	0.00960	classify_megaface	0.95438	0.00000	0.00000	0.00000	
20181028-194210	331000	331	0.0001	lfw	0.99467	0.00314	0.98633	0.01016	classify_megaface	0.95409	0.00000	0.00000	0.00000	
20181028-195213	332000	332	0.0001	lfw	0.99433	0.00291	0.98633	0.01048	classify_megaface	0.95407	0.00000	0.00000	0.00000	
20181028-200216	333000	333	0.0001	lfw	0.99517	0.00302	0.98733	0.01020	classify_megaface	0.95429	0.00000	0.00000	0.00000	
20181028-201218	334000	334	0.0001	lfw	0.99517	0.00329	0.98733	0.00940	classify_megaface	0.95434	0.00000	0.00000	0.00000	
20181028-202220	335000	335	0.0001	lfw	0.99383	0.00308	0.98700	0.00948	classify_megaface	0.95413	0.00000	0.00000	0.00000	
20181028-203222	336000	336	0.0001	lfw	0.99400	0.00318	0.98667	0.00978	classify_megaface	0.95409	0.00000	0.00000	0.00000	
20181028-204222	337000	337	0.0001	lfw	0.99533	0.00287	0.98767	0.00955	classify_megaface	0.95410	0.00000	0.00000	0.00000	
20181028-205223	338000	338	0.0001	lfw	0.99433	0.00300	0.98733	0.00940	classify_megaface	0.95450	0.00000	0.00000	0.00000	
20181028-210225	339000	339	0.0001	lfw	0.99500	0.00325	0.98700	0.00960	classify_megaface	0.95455	0.00000	0.00000	0.00000	
20181028-211226	340000	340	0.0001	lfw	0.99300	0.00323	0.98667	0.00978	classify_megaface	0.95432	0.00000	0.00000	0.00000	
20181028-212227	341000	341	0.0001	lfw	0.99433	0.00291	0.98767	0.00932	classify_megaface	0.95405	0.00000	0.00000	0.00000	
20181028-213230	342000	342	0.0001	lfw	0.99500	0.00289	0.98733	0.00940	classify_megaface	0.95469	0.00000	0.00000	0.00000	
20181028-214231	343000	343	0.0001	lfw	0.99367	0.00323	0.98633	0.00994	classify_megaface	0.95423	0.00000	0.00000	0.00000	
20181028-215231	344000	344	0.0001	lfw	0.99433	0.00318	0.98733	0.00940	classify_megaface	0.95452	0.00000	0.00000	0.00000	
20181028-220234	345000	345	0.0001	lfw	0.99400	0.00300	0.98700	0.00983	classify_megaface	0.95407	0.00000	0.00000	0.00000	
20181028-221233	346000	346	0.0001	lfw	0.99400	0.00309	0.98667	0.00978	classify_megaface	0.95403	0.00000	0.00000	0.00000	
20181028-222232	347000	347	0.0001	lfw	0.99400	0.00359	0.98700	0.00960	classify_megaface	0.95453	0.00000	0.00000	0.00000	
20181028-223233	348000	348	0.0001	lfw	0.99450	0.00299	0.98800	0.00980	classify_megaface	0.95412	0.00000	0.00000	0.00000	
20181028-224232	349000	349	0.0001	lfw	0.99467	0.00306	0.98733	0.00940	classify_megaface	0.95398	0.00000	0.00000	0.00000	
20181028-225233	350000	350	0.0001	lfw	0.99433	0.00291	0.98767	0.00955	classify_megaface	0.95460	0.00000	0.00000	0.00000	
