
date_dir: /home/meiyi/Face/insightface/datasets/emore_baidu
prefix: /disk1/meiyi/models/insightface_r100/model_r100_v5ft_em_0/model_r100_v5ft_em
tag: r100_v5ft_em
pretrain: /disk1/meiyi/models/insightface_r100/model_r100_v0/model_r100_v0,450
per_batch_size: 512
save: 0, max_steps: 0, lr: 0.10000, verbose: 1000, margin_a: 1.00, margin_m: 0.50, margin_b: 0.00
20180612-115611	1000	1	0.1000	classify_megaface	0.97963	0.00000	0.00000	0.00000	classify_suning_test	0.68933	0.00000	0.71482	0.00000	
20180612-124545	2000	2	0.1000	classify_megaface	0.97967	0.00000	0.00000	0.00000	classify_suning_test	0.68826	0.00000	0.71482	0.00000	
20180612-133400	3000	3	0.1000	classify_megaface	0.97958	0.00000	0.00000	0.00000	classify_suning_test	0.68800	0.00000	0.71269	0.00000	

date_dir: /home/meiyi/Face/insightface/datasets/emore_baidu
prefix: /disk1/meiyi/models/insightface_r100/model_r100_v5ft_em_0/model_r100_v5ft_em
tag: r100_v5ft_em
pretrain: /disk1/meiyi/models/insightface_r100/model_r100_v5ft_em_0/model_r100_v5ft_em,2
per_batch_size: 512
save: 0, max_steps: 0, lr: 0.10000, verbose: 1000, margin_a: 1.00, margin_m: 0.50, margin_b: 0.00
20180612-145616	1000	1	0.1000	classify_megaface	0.97965	0.00000	0.00000	0.00000	classify_suning_test	0.68720	0.00000	0.71429	0.00000	
20180612-154509	2000	2	0.1000	classify_megaface	0.97966	0.00000	0.00000	0.00000	classify_suning_test	0.68773	0.00000	0.71322	0.00000	
20180612-163534	3000	3	0.1000	classify_megaface	0.97959	0.00000	0.00000	0.00000	classify_suning_test	0.68906	0.00000	0.71269	0.00000	
20180612-172648	4000	4	0.1000	classify_megaface	0.97956	0.00000	0.00000	0.00000	classify_suning_test	0.68959	0.00000	0.71375	0.00000	
20180612-181518	5000	5	0.1000	classify_megaface	0.97968	0.00000	0.00000	0.00000	classify_suning_test	0.68879	0.00000	0.71482	0.00000	
20180612-190354	6000	6	0.1000	classify_megaface	0.97958	0.00000	0.00000	0.00000	classify_suning_test	0.68640	0.00000	0.71322	0.00000	
20180612-195205	7000	7	0.1000	classify_megaface	0.97958	0.00000	0.00000	0.00000	classify_suning_test	0.68720	0.00000	0.71375	0.00000	
20180612-204027	8000	8	0.1000	classify_megaface	0.97958	0.00000	0.00000	0.00000	classify_suning_test	0.68720	0.00000	0.71482	0.00000	
20180612-212837	9000	9	0.1000	classify_megaface	0.97963	0.00000	0.00000	0.00000	classify_suning_test	0.68720	0.00000	0.71535	0.00000	
20180612-221625	10000	10	0.1000	classify_megaface	0.97960	0.00000	0.00000	0.00000	classify_suning_test	0.68933	0.00000	0.71482	0.00000	
20180612-230422	11000	11	0.1000	classify_megaface	0.97967	0.00000	0.00000	0.00000	classify_suning_test	0.68800	0.00000	0.71535	0.00000	
20180612-235221	12000	12	0.1000	classify_megaface	0.97961	0.00000	0.00000	0.00000	classify_suning_test	0.68773	0.00000	0.71375	0.00000	
20180613-004019	13000	13	0.1000	classify_megaface	0.97965	0.00000	0.00000	0.00000	classify_suning_test	0.68694	0.00000	0.71482	0.00000	
20180613-012800	14000	14	0.1000	classify_megaface	0.97959	0.00000	0.00000	0.00000	classify_suning_test	0.68720	0.00000	0.71482	0.00000	
20180613-021546	15000	15	0.1000	classify_megaface	0.97967	0.00000	0.00000	0.00000	classify_suning_test	0.68826	0.00000	0.71429	0.00000	
20180613-030326	16000	16	0.1000	classify_megaface	0.97962	0.00000	0.00000	0.00000	classify_suning_test	0.68826	0.00000	0.71429	0.00000	
20180613-035109	17000	17	0.1000	classify_megaface	0.97968	0.00000	0.00000	0.00000	classify_suning_test	0.68640	0.00000	0.71429	0.00000	
20180613-043859	18000	18	0.1000	classify_megaface	0.97963	0.00000	0.00000	0.00000	classify_suning_test	0.68879	0.00000	0.71429	0.00000	
20180613-052633	19000	19	0.1000	classify_megaface	0.97964	0.00000	0.00000	0.00000	classify_suning_test	0.68826	0.00000	0.71429	0.00000	
20180613-061424	20000	20	0.1000	classify_megaface	0.97959	0.00000	0.00000	0.00000	classify_suning_test	0.68853	0.00000	0.71375	0.00000	
20180613-070212	21000	21	0.1000	classify_megaface	0.97957	0.00000	0.00000	0.00000	classify_suning_test	0.68800	0.00000	0.71375	0.00000	
20180613-075000	22000	22	0.1000	classify_megaface	0.97957	0.00000	0.00000	0.00000	classify_suning_test	0.68800	0.00000	0.71269	0.00000	
20180613-083754	23000	23	0.1000	classify_megaface	0.97962	0.00000	0.00000	0.00000	classify_suning_test	0.68800	0.00000	0.71375	0.00000	
20180613-092540	24000	24	0.1000	classify_megaface	0.97957	0.00000	0.00000	0.00000	classify_suning_test	0.68773	0.00000	0.71375	0.00000	
20180613-101343	25000	25	0.1000	classify_megaface	0.97965	0.00000	0.00000	0.00000	classify_suning_test	0.68747	0.00000	0.71482	0.00000	
