
date_dir: /home/meiyi/insightface/datasets/douyin
prefix: /disk1/meiyi/models/insightface/model_r50_v5_0/model_r50_v5
tag: r50_v5
pretrain: /disk1/meiyi/models/insightface/model_r50_v6ft_0_dy_0329/model_r50_v6ft,39
per_batch_size: 110
save: 1, max_steps: 300000, lr: 0.00100, verbose: 500, margin_a: 1.00, margin_m: 0.30, margin_b: 0.20

date_dir: /home/meiyi/insightface/datasets/douyin
prefix: /disk1/meiyi/models/insightface/model_r50_v5_0/model_r50_v5
tag: r50_v5
pretrain: /disk1/meiyi/models/insightface/model_r50_v6ft_0_dy_0329/model_r50_v6ft,39
per_batch_size: 110
save: 0, max_steps: 36000, lr: 0.01000, verbose: 600, margin_a: 1.00, margin_m: 0.45, margin_b: 0.10

date_dir: /home/meiyi/insightface/datasets/douyin
prefix: /disk1/meiyi/models/insightface/model_r50_v5_0/model_r50_v5
tag: r50_v5
pretrain: /disk1/meiyi/models/insightface/model_r50_v6ft_0_dy_0329/model_r50_v6ft,39
per_batch_size: 110
save: 0, max_steps: 36000, lr: 0.01000, verbose: 600, margin_a: 1.00, margin_m: 0.45, margin_b: 0.10
20180424-165044	600	1	0.0100	suningshop_v9	0.97483	0.00456	0.78520	0.02361	classify_suning_1000	0.82800	0.00000	0.00000	0.00000	douyin	0.95167	0.00969	0.82233	0.01086	
20180424-170256	1200	2	0.0100	suningshop_v9	0.98117	0.00415	0.73848	0.03356	classify_suning_1000	0.85350	0.00000	0.00000	0.00000	douyin	0.95600	0.00684	0.84867	0.01384	
20180424-171511	1800	3	0.0100	suningshop_v9	0.98450	0.00325	0.80241	0.03132	classify_suning_1000	0.86350	0.00000	0.00000	0.00000	douyin	0.96267	0.00712	0.87000	0.01211	
20180424-172733	2400	4	0.0100	suningshop_v9	0.98400	0.00573	0.82926	0.01701	classify_suning_1000	0.86550	0.00000	0.00000	0.00000	douyin	0.95833	0.00537	0.86400	0.01659	
20180424-173954	3000	5	0.0100	suningshop_v9	0.98850	0.00311	0.82377	0.02510	classify_suning_1000	0.88050	0.00000	0.00000	0.00000	douyin	0.96283	0.00448	0.83967	0.01958	
20180424-175212	3600	6	0.0100	suningshop_v9	0.98550	0.00279	0.83166	0.01349	classify_suning_1000	0.86800	0.00000	0.00000	0.00000	douyin	0.96200	0.00698	0.88367	0.01433	
20180424-180430	4200	7	0.0100	suningshop_v9	0.98650	0.00337	0.89193	0.01744	classify_suning_1000	0.88100	0.00000	0.00000	0.00000	douyin	0.96183	0.00570	0.87833	0.01176	
20180424-181648	4800	8	0.0100	suningshop_v9	0.98650	0.00241	0.82214	0.01335	classify_suning_1000	0.87700	0.00000	0.00000	0.00000	douyin	0.96200	0.00730	0.89567	0.01383	
20180424-182903	5400	9	0.0100	suningshop_v9	0.98833	0.00325	0.85870	0.02418	classify_suning_1000	0.87750	0.00000	0.00000	0.00000	douyin	0.96467	0.00718	0.87867	0.01157	
20180424-184116	6000	10	0.0100	suningshop_v9	0.98750	0.00417	0.88584	0.01326	classify_suning_1000	0.88050	0.00000	0.00000	0.00000	douyin	0.96267	0.00757	0.86900	0.01640	
20180424-185330	6600	11	0.0100	suningshop_v9	0.98617	0.00334	0.88114	0.01529	classify_suning_1000	0.87600	0.00000	0.00000	0.00000	douyin	0.96433	0.00810	0.86900	0.01193	
20180424-190544	7200	12	0.0100	suningshop_v9	0.98433	0.00343	0.87429	0.01781	classify_suning_1000	0.87200	0.00000	0.00000	0.00000	douyin	0.96383	0.00820	0.86867	0.01551	
20180424-191757	7800	13	0.0100	suningshop_v9	0.98950	0.00211	0.79100	0.04869	classify_suning_1000	0.87750	0.00000	0.00000	0.00000	douyin	0.96233	0.00642	0.89800	0.01213	
20180424-193012	8400	14	0.0100	suningshop_v9	0.98550	0.00435	0.81598	0.03875	classify_suning_1000	0.87300	0.00000	0.00000	0.00000	douyin	0.96317	0.00751	0.86667	0.01653	
20180424-194227	9000	15	0.0100	suningshop_v9	0.98917	0.00318	0.88350	0.02366	classify_suning_1000	0.88350	0.00000	0.00000	0.00000	douyin	0.96433	0.00663	0.88933	0.01272	
20180424-195439	9600	16	0.0100	suningshop_v9	0.98867	0.00371	0.85497	0.02367	classify_suning_1000	0.88150	0.00000	0.00000	0.00000	douyin	0.96517	0.00751	0.89900	0.01274	
20180424-200655	10200	17	0.0100	suningshop_v9	0.98600	0.00249	0.86516	0.02015	classify_suning_1000	0.87600	0.00000	0.00000	0.00000	douyin	0.96567	0.00946	0.88600	0.01451	
20180424-201911	10800	18	0.0100	suningshop_v9	0.98400	0.00271	0.86419	0.02506	classify_suning_1000	0.86750	0.00000	0.00000	0.00000	douyin	0.96550	0.00789	0.90667	0.01382	
20180424-203126	11400	19	0.0100	suningshop_v9	0.98717	0.00342	0.85536	0.02626	classify_suning_1000	0.87750	0.00000	0.00000	0.00000	douyin	0.96333	0.00641	0.87333	0.01382	
20180424-204343	12000	20	0.0100	suningshop_v9	0.98683	0.00311	0.84786	0.02022	classify_suning_1000	0.87450	0.00000	0.00000	0.00000	douyin	0.96300	0.00756	0.88000	0.01238	
20180424-205600	12600	21	0.0100	suningshop_v9	0.98517	0.00444	0.87569	0.01928	classify_suning_1000	0.86100	0.00000	0.00000	0.00000	douyin	0.96500	0.00699	0.89233	0.01221	
20180424-210817	13200	22	0.0100	suningshop_v9	0.98667	0.00415	0.89123	0.01640	classify_suning_1000	0.87050	0.00000	0.00000	0.00000	douyin	0.96283	0.01011	0.87633	0.01312	
20180424-212033	13800	23	0.0100	suningshop_v9	0.98567	0.00403	0.84207	0.04247	classify_suning_1000	0.87400	0.00000	0.00000	0.00000	douyin	0.96517	0.00890	0.88367	0.01080	
20180424-213249	14400	24	0.0100	suningshop_v9	0.98717	0.00395	0.82011	0.03244	classify_suning_1000	0.86300	0.00000	0.00000	0.00000	douyin	0.96483	0.00689	0.87533	0.01694	
20180424-214514	15000	25	0.0100	suningshop_v9	0.98783	0.00269	0.87367	0.01569	classify_suning_1000	0.87000	0.00000	0.00000	0.00000	douyin	0.96383	0.00734	0.88933	0.01533	
20180424-215728	15600	26	0.0100	suningshop_v9	0.98633	0.00306	0.87774	0.01913	classify_suning_1000	0.86900	0.00000	0.00000	0.00000	douyin	0.96383	0.00495	0.89800	0.01185	
20180424-220949	16200	27	0.0100	suningshop_v9	0.98117	0.00483	0.78795	0.04661	classify_suning_1000	0.86300	0.00000	0.00000	0.00000	douyin	0.96450	0.00711	0.86700	0.01269	
20180424-222205	16800	28	0.0100	suningshop_v9	0.98267	0.00501	0.74790	0.03432	classify_suning_1000	0.85350	0.00000	0.00000	0.00000	douyin	0.96883	0.00782	0.89200	0.01572	
20180424-223424	17400	29	0.0100	suningshop_v9	0.98117	0.00334	0.82519	0.02032	classify_suning_1000	0.85650	0.00000	0.00000	0.00000	douyin	0.96683	0.00713	0.89067	0.01181	
20180424-224644	18000	30	0.0010	suningshop_v9	0.98800	0.00536	0.89261	0.01604	classify_suning_1000	0.87250	0.00000	0.00000	0.00000	douyin	0.96517	0.00575	0.89367	0.01269	
20180424-225859	18600	31	0.0010	suningshop_v9	0.98717	0.00495	0.87600	0.02183	classify_suning_1000	0.87350	0.00000	0.00000	0.00000	douyin	0.96717	0.00683	0.90733	0.01191	
20180424-231117	19200	32	0.0010	suningshop_v9	0.98750	0.00335	0.87767	0.02046	classify_suning_1000	0.88050	0.00000	0.00000	0.00000	douyin	0.96933	0.00735	0.91300	0.01303	
20180424-232333	19800	33	0.0010	suningshop_v9	0.98850	0.00383	0.88311	0.01627	classify_suning_1000	0.88000	0.00000	0.00000	0.00000	douyin	0.97117	0.00847	0.90533	0.01376	
20180424-233551	20400	34	0.0010	suningshop_v9	0.98733	0.00318	0.88548	0.02196	classify_suning_1000	0.87650	0.00000	0.00000	0.00000	douyin	0.96950	0.00960	0.90700	0.01410	
20180424-234809	21000	35	0.0010	suningshop_v9	0.98883	0.00373	0.88246	0.02085	classify_suning_1000	0.87400	0.00000	0.00000	0.00000	douyin	0.96700	0.00809	0.90700	0.01159	
20180425-000029	21600	36	0.0010	suningshop_v9	0.98833	0.00373	0.88348	0.02353	classify_suning_1000	0.87450	0.00000	0.00000	0.00000	douyin	0.96867	0.00809	0.91133	0.01231	
20180425-001246	22200	37	0.0010	suningshop_v9	0.99033	0.00371	0.87434	0.02256	classify_suning_1000	0.87900	0.00000	0.00000	0.00000	douyin	0.96683	0.00693	0.90700	0.01386	
20180425-002508	22800	38	0.0010	suningshop_v9	0.98883	0.00317	0.88044	0.02083	classify_suning_1000	0.87900	0.00000	0.00000	0.00000	douyin	0.97017	0.00818	0.90533	0.01147	
20180425-003726	23400	39	0.0010	suningshop_v9	0.98917	0.00375	0.89127	0.02312	classify_suning_1000	0.87850	0.00000	0.00000	0.00000	douyin	0.97033	0.00774	0.90800	0.01400	
20180425-004943	24000	40	0.0010	suningshop_v9	0.98817	0.00353	0.87336	0.02864	classify_suning_1000	0.87600	0.00000	0.00000	0.00000	douyin	0.96917	0.00821	0.90700	0.01402	
20180425-010200	24600	41	0.0010	suningshop_v9	0.98917	0.00352	0.86992	0.02508	classify_suning_1000	0.87150	0.00000	0.00000	0.00000	douyin	0.97067	0.00870	0.90233	0.01415	
20180425-011414	25200	42	0.0010	suningshop_v9	0.98950	0.00373	0.86991	0.02274	classify_suning_1000	0.87600	0.00000	0.00000	0.00000	douyin	0.97050	0.00866	0.90933	0.01373	
20180425-012633	25800	43	0.0010	suningshop_v9	0.98883	0.00409	0.88483	0.02352	classify_suning_1000	0.87550	0.00000	0.00000	0.00000	douyin	0.97017	0.00736	0.90833	0.01276	
20180425-013851	26400	44	0.0010	suningshop_v9	0.99100	0.00318	0.89535	0.02312	classify_suning_1000	0.87900	0.00000	0.00000	0.00000	douyin	0.96733	0.00803	0.90467	0.01318	
20180425-015109	27000	45	0.0010	suningshop_v9	0.98733	0.00410	0.87432	0.02729	classify_suning_1000	0.87600	0.00000	0.00000	0.00000	douyin	0.96883	0.00840	0.90667	0.01211	
20180425-020329	27600	46	0.0010	suningshop_v9	0.98967	0.00371	0.86282	0.03002	classify_suning_1000	0.87650	0.00000	0.00000	0.00000	douyin	0.96833	0.00723	0.90433	0.01291	
20180425-021547	28200	47	0.0010	suningshop_v9	0.98800	0.00340	0.85131	0.03411	classify_suning_1000	0.86950	0.00000	0.00000	0.00000	douyin	0.96800	0.00942	0.90733	0.01020	
20180425-022809	28800	48	0.0010	suningshop_v9	0.99017	0.00273	0.88415	0.01790	classify_suning_1000	0.87450	0.00000	0.00000	0.00000	douyin	0.96817	0.00956	0.90767	0.01165	
20180425-024028	29400	49	0.0010	suningshop_v9	0.98933	0.00291	0.89804	0.02070	classify_suning_1000	0.87800	0.00000	0.00000	0.00000	douyin	0.96950	0.00882	0.91267	0.01323	
20180425-025243	30000	50	0.0010	suningshop_v9	0.98933	0.00327	0.88383	0.02186	classify_suning_1000	0.87400	0.00000	0.00000	0.00000	douyin	0.96733	0.00926	0.91500	0.01327	
20180425-030505	30600	51	0.0010	suningshop_v9	0.98933	0.00367	0.85875	0.03156	classify_suning_1000	0.87350	0.00000	0.00000	0.00000	douyin	0.96717	0.00925	0.90767	0.01325	
20180425-031722	31200	52	0.0010	suningshop_v9	0.98800	0.00306	0.86854	0.02303	classify_suning_1000	0.87950	0.00000	0.00000	0.00000	douyin	0.96883	0.00749	0.91433	0.01265	
20180425-032941	31800	53	0.0010	suningshop_v9	0.98917	0.00261	0.87702	0.02096	classify_suning_1000	0.87850	0.00000	0.00000	0.00000	douyin	0.96850	0.00871	0.91000	0.01325	
20180425-034155	32400	54	0.0010	suningshop_v9	0.98933	0.00374	0.85331	0.02743	classify_suning_1000	0.87700	0.00000	0.00000	0.00000	douyin	0.96767	0.00863	0.91500	0.01302	
20180425-035410	33000	55	0.0010	suningshop_v9	0.98983	0.00345	0.83438	0.04009	classify_suning_1000	0.87950	0.00000	0.00000	0.00000	douyin	0.96767	0.00940	0.90733	0.01348	
20180425-040622	33600	56	0.0010	suningshop_v9	0.98900	0.00382	0.84115	0.04011	classify_suning_1000	0.87300	0.00000	0.00000	0.00000	douyin	0.96667	0.01049	0.90900	0.01174	
20180425-041839	34200	57	0.0010	suningshop_v9	0.98850	0.00263	0.86554	0.02577	classify_suning_1000	0.88100	0.00000	0.00000	0.00000	douyin	0.96867	0.00891	0.90367	0.01059	
20180425-043053	34800	58	0.0010	suningshop_v9	0.98967	0.00340	0.85705	0.03074	classify_suning_1000	0.87800	0.00000	0.00000	0.00000	douyin	0.96933	0.01003	0.91300	0.01479	
20180425-044306	35400	59	0.0010	suningshop_v9	0.98850	0.00345	0.84826	0.03441	classify_suning_1000	0.87950	0.00000	0.00000	0.00000	douyin	0.96883	0.00727	0.90433	0.01106	
20180425-045519	36000	60	0.0010	suningshop_v9	0.98833	0.00342	0.85504	0.03544	classify_suning_1000	0.87800	0.00000	0.00000	0.00000	douyin	0.96917	0.00775	0.90933	0.01093	

date_dir: /home/meiyi/insightface/datasets/douyin
prefix: /disk1/meiyi/models/insightface/model_r50_v5_1/model_r50_v5
tag: r50_v5
pretrain: /disk1/meiyi/models/insightface/model_r50_v5_0/model_r50_v5,13
per_batch_size: 110
save: 0, max_steps: 36000, lr: 0.00100, verbose: 600, margin_a: 1.00, margin_m: 0.45, margin_b: 0.10
20180425-103725	600	1	0.0010	suningshop_v9	0.99150	0.00293	0.90348	0.01583	classify_suning_1000	0.88500	0.00000	0.00000	0.00000	douyin	0.96700	0.00562	0.89700	0.01531	classify_douyin_1000	0.90950	0.00000	0.00000	0.00000	
20180425-104941	1200	2	0.0010	suningshop_v9	0.99067	0.00335	0.91737	0.01260	classify_suning_1000	0.89050	0.00000	0.00000	0.00000	douyin	0.96783	0.00820	0.89533	0.01833	classify_douyin_1000	0.90800	0.00000	0.00000	0.00000	
20180425-110201	1800	3	0.0010	suningshop_v9	0.99150	0.00252	0.91264	0.01655	classify_suning_1000	0.88850	0.00000	0.00000	0.00000	douyin	0.96833	0.00723	0.89400	0.01497	classify_douyin_1000	0.90900	0.00000	0.00000	0.00000	
20180425-111424	2400	4	0.0010	suningshop_v9	0.99233	0.00327	0.92042	0.01441	classify_suning_1000	0.88950	0.00000	0.00000	0.00000	douyin	0.96367	0.00694	0.89433	0.01446	classify_douyin_1000	0.90550	0.00000	0.00000	0.00000	
20180425-112648	3000	5	0.0010	suningshop_v9	0.99083	0.00300	0.89094	0.02269	classify_suning_1000	0.88600	0.00000	0.00000	0.00000	douyin	0.96567	0.00642	0.89633	0.01215	classify_douyin_1000	0.90850	0.00000	0.00000	0.00000	
20180425-113911	3600	6	0.0010	suningshop_v9	0.99033	0.00332	0.91905	0.01441	classify_suning_1000	0.88800	0.00000	0.00000	0.00000	douyin	0.96583	0.00647	0.89900	0.01550	classify_douyin_1000	0.90800	0.00000	0.00000	0.00000	
20180425-115130	4200	7	0.0010	suningshop_v9	0.99033	0.00287	0.91429	0.01641	classify_suning_1000	0.88600	0.00000	0.00000	0.00000	douyin	0.96617	0.00679	0.89900	0.01606	classify_douyin_1000	0.90600	0.00000	0.00000	0.00000	
20180425-120356	4800	8	0.0010	suningshop_v9	0.99033	0.00287	0.91769	0.01424	classify_suning_1000	0.88850	0.00000	0.00000	0.00000	douyin	0.96783	0.00527	0.89367	0.01449	classify_douyin_1000	0.90900	0.00000	0.00000	0.00000	
20180425-121616	5400	9	0.0010	suningshop_v9	0.99017	0.00437	0.92244	0.01371	classify_suning_1000	0.88950	0.00000	0.00000	0.00000	douyin	0.96783	0.00511	0.88967	0.01027	classify_douyin_1000	0.91000	0.00000	0.00000	0.00000	
20180425-122841	6000	10	0.0010	suningshop_v9	0.99167	0.00247	0.91735	0.01623	classify_suning_1000	0.88900	0.00000	0.00000	0.00000	douyin	0.96450	0.00663	0.89700	0.01080	classify_douyin_1000	0.91200	0.00000	0.00000	0.00000	
20180425-124059	6600	11	0.0010	suningshop_v9	0.99133	0.00245	0.90013	0.02052	classify_suning_1000	0.88950	0.00000	0.00000	0.00000	douyin	0.96800	0.00756	0.89433	0.01367	classify_douyin_1000	0.91350	0.00000	0.00000	0.00000	
20180425-125322	7200	12	0.0010	suningshop_v9	0.99150	0.00263	0.91331	0.01771	classify_suning_1000	0.88950	0.00000	0.00000	0.00000	douyin	0.96783	0.00650	0.89733	0.01114	classify_douyin_1000	0.90950	0.00000	0.00000	0.00000	
20180425-130544	7800	13	0.0010	suningshop_v9	0.99017	0.00293	0.90856	0.01642	classify_suning_1000	0.89200	0.00000	0.00000	0.00000	douyin	0.96583	0.00814	0.90200	0.01327	classify_douyin_1000	0.90700	0.00000	0.00000	0.00000	
20180425-131803	8400	14	0.0010	suningshop_v9	0.99183	0.00229	0.89909	0.02055	classify_suning_1000	0.89100	0.00000	0.00000	0.00000	douyin	0.96550	0.00734	0.90133	0.01431	classify_douyin_1000	0.90600	0.00000	0.00000	0.00000	
20180425-133028	9000	15	0.0010	suningshop_v9	0.99167	0.00211	0.91093	0.01354	classify_suning_1000	0.89450	0.00000	0.00000	0.00000	douyin	0.96850	0.00673	0.89733	0.01104	classify_douyin_1000	0.90700	0.00000	0.00000	0.00000	
20180425-134249	9600	16	0.0010	suningshop_v9	0.98983	0.00293	0.91737	0.01695	classify_suning_1000	0.88700	0.00000	0.00000	0.00000	douyin	0.96883	0.00646	0.90133	0.01310	classify_douyin_1000	0.90550	0.00000	0.00000	0.00000	
20180425-135514	10200	17	0.0010	suningshop_v9	0.98967	0.00296	0.90212	0.02292	classify_suning_1000	0.88450	0.00000	0.00000	0.00000	douyin	0.96700	0.00649	0.89900	0.01359	classify_douyin_1000	0.90950	0.00000	0.00000	0.00000	
20180425-140720	10800	18	0.0010	suningshop_v9	0.99067	0.00226	0.90585	0.01811	classify_suning_1000	0.88550	0.00000	0.00000	0.00000	douyin	0.96983	0.00660	0.90567	0.01430	classify_douyin_1000	0.90800	0.00000	0.00000	0.00000	
20180425-141915	11400	19	0.0010	suningshop_v9	0.99017	0.00311	0.90821	0.01612	classify_suning_1000	0.88850	0.00000	0.00000	0.00000	douyin	0.96633	0.00542	0.89767	0.01202	classify_douyin_1000	0.90800	0.00000	0.00000	0.00000	
20180425-143049	12000	20	0.0010	suningshop_v9	0.99067	0.00309	0.90278	0.01818	classify_suning_1000	0.89100	0.00000	0.00000	0.00000	douyin	0.96700	0.00576	0.90700	0.01386	classify_douyin_1000	0.91000	0.00000	0.00000	0.00000	
20180425-144224	12600	21	0.0010	suningshop_v9	0.99167	0.00447	0.89468	0.01734	classify_suning_1000	0.88800	0.00000	0.00000	0.00000	douyin	0.96867	0.00670	0.90700	0.01479	classify_douyin_1000	0.90800	0.00000	0.00000	0.00000	
20180425-145404	13200	22	0.0010	suningshop_v9	0.99033	0.00371	0.90516	0.01992	classify_suning_1000	0.88950	0.00000	0.00000	0.00000	douyin	0.96850	0.00612	0.89600	0.01356	classify_douyin_1000	0.91250	0.00000	0.00000	0.00000	
20180425-150556	13800	23	0.0010	suningshop_v9	0.99050	0.00415	0.89566	0.02007	classify_suning_1000	0.88400	0.00000	0.00000	0.00000	douyin	0.97033	0.00702	0.89967	0.01354	classify_douyin_1000	0.91150	0.00000	0.00000	0.00000	
20180425-151804	14400	24	0.0010	suningshop_v9	0.98983	0.00293	0.90348	0.01973	classify_suning_1000	0.88300	0.00000	0.00000	0.00000	douyin	0.97033	0.00678	0.90300	0.01494	classify_douyin_1000	0.90950	0.00000	0.00000	0.00000	
20180425-153016	15000	25	0.0010	suningshop_v9	0.99033	0.00256	0.88653	0.02395	classify_suning_1000	0.88450	0.00000	0.00000	0.00000	douyin	0.96900	0.00731	0.90067	0.01451	classify_douyin_1000	0.90800	0.00000	0.00000	0.00000	
20180425-154218	15600	26	0.0010	suningshop_v9	0.99183	0.00329	0.89093	0.01986	classify_suning_1000	0.88550	0.00000	0.00000	0.00000	douyin	0.96983	0.00728	0.90833	0.01668	classify_douyin_1000	0.91050	0.00000	0.00000	0.00000	
20180425-155410	16200	27	0.0010	suningshop_v9	0.99117	0.00373	0.89770	0.02066	classify_suning_1000	0.88600	0.00000	0.00000	0.00000	douyin	0.96917	0.00704	0.90567	0.01342	classify_douyin_1000	0.91350	0.00000	0.00000	0.00000	
20180425-160558	16800	28	0.0010	suningshop_v9	0.99250	0.00310	0.89971	0.01588	classify_suning_1000	0.88350	0.00000	0.00000	0.00000	douyin	0.96917	0.00708	0.90667	0.01422	classify_douyin_1000	0.90750	0.00000	0.00000	0.00000	
20180425-161748	17400	29	0.0010	suningshop_v9	0.99100	0.00226	0.90549	0.01847	classify_suning_1000	0.88750	0.00000	0.00000	0.00000	douyin	0.96883	0.00827	0.89567	0.01469	classify_douyin_1000	0.90750	0.00000	0.00000	0.00000	
20180425-162937	18000	30	0.0010	suningshop_v9	0.99133	0.00267	0.87670	0.02388	classify_suning_1000	0.88350	0.00000	0.00000	0.00000	douyin	0.96783	0.00667	0.90467	0.01318	classify_douyin_1000	0.91050	0.00000	0.00000	0.00000	

date_dir: /home/meiyi/Face/insightface/datasets/douyin
prefix: /disk1/meiyi/models/insightface/model_r50_v5_2/model_r50_v5
tag: r50_v5
pretrain: /disk1/meiyi/models/insightface/model_r50_v6ft_0_dy_0329/model_r50_v6ft,39
per_batch_size: 110
save: 0, max_steps: 30000, lr: 0.01000, verbose: 600, margin_a: 1.00, margin_m: 0.50, margin_b: 0.10

date_dir: /home/meiyi/Face/insightface/datasets/douyin
prefix: /disk1/meiyi/models/insightface/model_r50_v5_2/model_r50_v5
tag: r50_v5
pretrain: /disk1/meiyi/models/insightface/model_r50_v6ft_0_dy_0329/model_r50_v6ft,39
per_batch_size: 110
save: 0, max_steps: 30000, lr: 0.01000, verbose: 600, margin_a: 1.00, margin_m: 0.50, margin_b: 0.10

date_dir: /home/meiyi/Face/insightface/datasets/douyin
prefix: /disk1/meiyi/models/insightface/model_r50_v5_2/model_r50_v5
tag: r50_v5
pretrain: /disk1/meiyi/models/insightface/model_r50_v6ft_0_dy_0329/model_r50_v6ft,39
per_batch_size: 110
save: 0, max_steps: 30000, lr: 0.01000, verbose: 600, margin_a: 1.00, margin_m: 0.50, margin_b: 0.10

date_dir: /home/meiyi/Face/insightface/datasets/douyin
prefix: /disk1/meiyi/models/insightface/model_r50_v5_2/model_r50_v5
tag: r50_v5
pretrain: /disk1/meiyi/models/insightface/model_r50_v6ft_0_dy_0329/model_r50_v6ft,39
per_batch_size: 110
save: 0, max_steps: 30000, lr: 0.01000, verbose: 600, margin_a: 1.00, margin_m: 0.50, margin_b: 0.10

date_dir: /home/meiyi/Face/insightface/datasets/douyin
prefix: /disk1/meiyi/models/insightface/model_r50_v5_2/model_r50_v5
tag: r50_v5
pretrain: /disk1/meiyi/models/insightface/model_r50_v6ft_0_dy_0329/model_r50_v6ft,39
per_batch_size: 110
save: 0, max_steps: 30000, lr: 0.01000, verbose: 600, margin_a: 1.00, margin_m: 0.50, margin_b: 0.10

date_dir: /home/meiyi/Face/insightface/datasets/douyin
prefix: /disk1/meiyi/models/insightface/model_r50_v5_2/model_r50_v5
tag: r50_v5
pretrain: /disk1/meiyi/models/insightface/model_r50_v6ft_0_dy_0329/model_r50_v6ft,39
per_batch_size: 110
save: 0, max_steps: 30000, lr: 0.01000, verbose: 600, margin_a: 1.00, margin_m: 0.50, margin_b: 0.10

date_dir: /home/meiyi/Face/insightface/datasets/douyin
prefix: /disk1/meiyi/models/insightface/model_r50_v5_2/model_r50_v5
tag: r50_v5
pretrain: /disk1/meiyi/models/insightface/model_r50_v6ft_0_dy_0329/model_r50_v6ft,39
per_batch_size: 110
save: 0, max_steps: 30000, lr: 0.01000, verbose: 600, margin_a: 1.00, margin_m: 0.50, margin_b: 0.10
20180430-112121	600	1	0.0100	suningshop_v9	0.97950	0.00687	0.75841	0.03335	

date_dir: /home/meiyi/Face/insightface/datasets/douyin
prefix: /disk1/meiyi/models/insightface/model_r50_v5_2/model_r50_v5
tag: r50_v5
pretrain: /disk1/meiyi/models/insightface/model_r50_v6ft_0_dy_0329/model_r50_v6ft,39
per_batch_size: 110
save: 0, max_steps: 30000, lr: 0.01000, verbose: 600, margin_a: 1.00, margin_m: 0.50, margin_b: 0.10
20180502-161832	600	1	0.0100	suningshop_v9	0.97983	0.00634	0.83559	0.02473	
20180502-163103	1200	2	0.0100	suningshop_v9	0.98167	0.00401	0.77974	0.02230	
20180502-164319	1800	3	0.0100	suningshop_v9	0.98417	0.00544	0.77778	0.01624	
20180502-165457	2400	4	0.0100	suningshop_v9	0.98533	0.00393	0.82887	0.03352	
20180502-170658	3000	5	0.0100	suningshop_v9	0.98650	0.00497	0.82614	0.02507	
